vf = 0.450000  
d1 = 0.650000*300 nm  = 195 nm 
d2 = 0.700000*200 nm  = 140 nm     
T  = 1700.000000   
Nlayer = 9     
SE = 0.5903455492  
SD = 1.6903043441e+05
